280	0.04809
281	0.1533
282	0.35305
283	0.41895
284	0.327
285	0.08194
286	0.20473
287	0.40927
288	0.33858
289	0.53163
290	0.68756
291	0.63981
292	0.77547
293	0.55547
294	0.5195
295	0.4447
296	0.68979
297	0.40318
298	0.63082
299	0.56762
300	0.44997
301	0.44634
302	0.30178
303	0.65247
304	0.5175
305	0.56567
306	0.4578
307	0.62497
308	0.68452
309	0.57327
310	0.39025
311	0.88402
312	0.59341
313	0.76233
314	0.84688
315	0.76289
316	0.43243
317	0.75673
318	0.6994
319	0.85885
320	0.84685
321	0.76115
322	0.80274
323	0.54387
324	0.74016
325	0.77955
326	1.01481
327	0.97017
328	0.95194
329	1.01927
330	1.26213
331	1.00121
332	1.10857
333	0.99258
334	1.00397
335	0.96918
336	0.65801
337	0.75291
338	0.97526
339	1.07418
340	1.30303
341	1.00297
342	1.16629
343	1.11584
344	0.84233
345	1.1779
346	1.0038
347	1.04141
348	0.9767
349	1.0152
350	0.99756
351	1.08658
352	1.21497
353	1.13512
354	1.16617
355	1.18846
356	1.15041
357	0.82431
358	0.86354
359	0.8439
360	1.36724
361	0.88331
362	0.82378
363	1.12855
364	1.25659
365	0.98154
366	1.51281
367	1.15178
368	1.14108
369	1.10029
370	1.35608
371	0.98743
372	0.99343
373	1.15313
374	0.99098
375	0.63347
376	0.96898
377	1.02249
378	1.60661
379	1.03753
380	0.9834
381	1.26852
382	0.92793
383	0.77018
384	0.59733
385	1.01512
386	0.64249
387	0.92767
388	0.87185
389	0.91948
390	1.40198
391	1.45253
392	1.23262
393	0.64483
394	0.81644
395	1.35402
396	1.35548
397	0.30931
398	1.57252
399	1.71224
400	1.65621
401	1.6951
402	1.77642
403	1.67651
404	1.7874
405	1.64167
406	1.63416
407	1.56885
408	1.69591
409	1.85957
410	1.56045
411	1.82504
412	1.90058
413	1.75132
414	1.74775
415	1.83111
416	1.84905
417	1.7586
418	1.73183
419	1.75363
420	1.48667
421	1.85832
422	1.77532
423	1.50961
424	1.62632
425	1.67866
426	1.6218
427	1.55971
428	1.56158
429	1.42467
430	1.14492
431	1.01328
432	1.82783
433	1.61804
434	1.5447
435	1.66271
436	1.84758
437	1.84644
438	1.67456
439	1.59102
440	1.78273
441	1.78663
442	1.86598
443	1.88791
444	1.85748
445	1.96361
446	1.73919
447	1.97195
448	2.00035
449	2.02029
450	2.05169
451	2.21157
452	2.05885
453	1.89176
454	2.02432
455	2.02895
456	2.08245
457	2.09334
458	2.03621
459	2.05337
460	2.02351
461	2.09379
462	2.04933
463	2.04605
464	2.05977
465	2.01829
466	2.07666
467	2.0086
468	2.11216
469	2.08393
470	2.0645
471	2.04564
472	2.08679
473	2.06098
474	2.0639
475	2.13928
476	2.09202
477	2.07508
478	2.17103
479	2.04806
480	2.09873
481	2.0707
482	2.11988
483	2.09971
484	2.02704
485	2.02455
486	1.64739
487	1.84936
488	1.99576
489	1.86939
490	2.11237
491	1.96078
492	1.88257
493	2.04459
494	1.9655
495	2.10171
496	2.03518
497	1.98181
498	1.92293
499	1.9199
500	1.91512
501	1.86723
502	1.86985
503	1.96444
504	1.81696
505	1.97432
506	2.10618
507	1.9601
508	1.87993
509	2.00846
510	1.95131
511	1.96002
512	2.03105
513	1.86711
514	1.84701
515	1.862
516	1.94938
517	1.4557
518	1.76356
519	1.69706
520	1.84686
521	1.85914
522	1.92758
523	1.80686
524	1.9364
525	1.93975
526	1.83489
527	1.62056
528	1.89973
529	1.99471
530	1.87369
531	2.03375
532	1.9382
533	1.73243
534	1.83723
535	1.89805
536	1.9957
537	1.84599
538	1.96237
539	1.92692
540	1.86682
541	1.7514
542	1.91633
543	1.85625
544	1.94461
545	1.91835
546	1.88475
547	1.93341
548	1.81726
549	1.89153
550	1.87027
551	1.85831
552	1.92278
553	1.8572
554	1.91256
555	1.91237
556	1.86717
557	1.8339
558	1.86875
559	1.77893
560	1.80709
561	1.9545
562	1.80312
563	1.89518
564	1.86441
565	1.89237
566	1.74735
567	1.8679
568	1.87699
569	1.85031
570	1.8547
571	1.78764
572	1.8952
573	1.91655
574	1.90295
575	1.85815
576	1.83615
577	1.88764
578	1.84043
579	1.82194
580	1.8766
581	1.84501
582	1.86636
583	1.87843
584	1.87251
585	1.85194
586	1.78302
587	1.84615
588	1.84129
589	1.67239
590	1.72889
591	1.8197
592	1.80558
593	1.79743
594	1.82221
595	1.80632
596	1.81687
597	1.83432
598	1.78913
599	1.78958
600	1.78916
601	1.75894
602	1.7475
603	1.76131
604	1.81063
605	1.80426
606	1.78482
607	1.77025
608	1.76415
609	1.74436
610	1.7304
611	1.73127
612	1.72152
613	1.68934
614	1.63476
615	1.70411
616	1.62076
617	1.63211
618	1.712
619	1.69146
620	1.71719
621	1.73537
622	1.66456
623	1.67223
624	1.65803
625	1.62623
626	1.63119
627	1.66894
628	1.69154
629	1.70303
630	1.64782
631	1.6867
632	1.58553
633	1.6791
634	1.62575
635	1.65398
636	1.60302
637	1.64231
638	1.66493
639	1.64462
640	1.60378
641	1.61916
642	1.59526
643	1.6271
644	1.60395
645	1.62103
646	1.58536
647	1.58834
648	1.61134
649	1.61438
650	1.50204
651	1.61212
652	1.59237
653	1.604
654	1.5894
655	1.54968
656	1.33374
657	1.38141
658	1.55161
659	1.55897
660	1.55736
661	1.56489
662	1.58738
663	1.56232
664	1.54181
665	1.55231
666	1.55327
667	1.54385
668	1.53973
669	1.562
670	1.5383
671	1.53275
672	1.5141
673	1.52891
674	1.53124
675	1.51001
676	1.53331
677	1.50603
678	1.52224
679	1.50574
680	1.4988
681	1.49552
682	1.49731
683	1.50033
684	1.47862
685	1.49164
686	1.4371
687	1.49538
688	1.4822
689	1.48287
690	1.48479
691	1.47423
692	1.45283
693	1.45709
694	1.46832
695	1.44151
696	1.45289
697	1.45235
698	1.42444
699	1.45484
700	1.43488
701	1.41462
702	1.39674
703	1.41078
704	1.41911
705	1.43372
706	1.4138
707	1.39398
708	1.42736
709	1.38601
710	1.41267
711	1.39778
712	1.38273
713	1.37201
714	1.39511
715	1.3474
716	1.38004
717	1.3561
718	1.34961
719	1.32231
720	1.35092
721	1.33367
722	1.35006
723	1.35198
724	1.36046
725	1.3483
726	1.34535
727	1.35978
728	1.34055
729	1.28236
730	1.33516
731	1.31183
732	1.33269
733	1.31058
734	1.33888
735	1.32798
736	1.30532
737	1.31927
738	1.31861
739	1.26613
740	1.29111
741	1.27064
742	1.25175
743	1.29067
744	1.29621
745	1.26836
746	1.29098
747	1.29559
748	1.28098
749	1.27979
750	1.26188
751	1.25998
752	1.27746
753	1.26029
754	1.28303
755	1.27679
756	1.25011
757	1.25842
758	1.258
759	1.24275
760	1.25431
761	1.24864
762	1.21736
763	1.25442
764	1.25693
765	1.25366
766	1.18307
767	1.19859
768	1.2344
769	1.22706
770	1.2132
771	1.21466
772	1.20715
773	1.204
774	1.22082
775	1.16745
776	1.2177
777	1.21096
778	1.20244
779	1.20674
780	1.19357
781	1.19103
782	1.20339
783	1.18323
784	1.1767
785	1.18725
786	1.16732
787	1.18759
788	1.1728
789	1.18037
790	1.17165
791	1.16308
792	1.14417
793	1.14661
794	1.12108
795	1.12564
796	1.14788
797	1.15355
798	1.15044
799	1.15107
800	1.12433
801	1.14295
802	1.14209
803	1.12335
804	1.13413
805	1.10051
806	1.1317
807	1.12336
808	1.11554
809	1.09918
810	1.09384
811	1.1148
812	1.11111
813	1.11022
814	1.11058
815	1.10227
816	1.09908
817	1.09841
818	1.0858
819	1.07122
820	1.04609
821	1.06515
822	1.05402
823	1.06792
824	1.06994
825	1.06916
826	1.07547
827	1.07676
828	1.07499
829	1.07092
830	1.05717
831	1.0387
832	1.05702
833	1.02566
834	1.03628
835	1.03852
836	1.0509
837	1.04308
838	1.04545
839	1.01038
840	1.03862
841	1.04226
842	1.02801
843	1.0263
844	1.00751
845	1.02157
846	1.02678
847	0.99727
848	1.02402
849	1.02183
850	0.89219
851	1.00643
852	0.98471
853	0.9878
854	0.81312
855	0.8578
856	0.98977
857	1.00536
858	0.99278
859	0.98098
860	0.98097
861	0.98183
862	0.97449
863	0.99134
864	0.99049
865	0.97333
866	0.83353
867	0.85002
868	0.94368
869	0.92959
870	0.96563
871	0.9639
872	0.96441
873	0.96582
874	0.95007
875	0.93687
876	0.93907
877	0.95775
878	0.95291
879	0.94663
880	0.94627
881	0.89735
882	0.94153
883	0.92992
884	0.93205
885	0.94258
886	0.91587
887	0.90006
888	0.93029
889	0.93429
890	0.93569
891	0.93385
892	0.92396
893	0.90504
894	0.92646
895	0.90157
896	0.93037
897	0.91012
898	0.91241
899	0.91469
900	0.89109
901	0.87231
902	0.85558
903	0.89725
904	0.90906
905	0.9087
906	0.8901
907	0.89375
908	0.88015
909	0.86119
910	0.87282
911	0.87725
912	0.86535
913	0.8936
914	0.88743
915	0.8709
916	0.88044
917	0.86714
918	0.86487
919	0.87197
920	0.86334
921	0.84324
922	0.83848
923	0.8076
924	0.83545
925	0.84344
926	0.81957
927	0.85086
928	0.85666
929	0.84501
930	0.84492
931	0.84796
932	0.84132
933	0.8456
934	0.84462
935	0.8346
936	0.82785
937	0.83586
938	0.83445
939	0.82894
940	0.8249
941	0.79682
942	0.78928
943	0.82016
944	0.80169
945	0.8098
946	0.81502
947	0.81519
948	0.81754
949	0.81746
950	0.81455
951	0.80663
952	0.80963
953	0.80458
954	0.79198
955	0.75001
956	0.79452
957	0.79128
958	0.7961
959	0.80027
960	0.79169
961	0.78758
962	0.79042
963	0.7816
964	0.7789
965	0.7829
966	0.76759
967	0.78292
968	0.7759
969	0.77812
970	0.78104
971	0.77326
972	0.77886
973	0.7728
974	0.76028
975	0.76652
976	0.77062
977	0.75951
978	0.76878
979	0.75237
980	0.76066
981	0.76448
982	0.76385
983	0.75854
984	0.75501
985	0.75684
986	0.75251
987	0.7501
988	0.7516
989	0.74012
990	0.74183
991	0.74583
992	0.74538
993	0.74551
994	0.74543
995	0.74216
996	0.74074
997	0.74112
998	0.73916
999	0.73597
1000	0.73325
1001	0.73593
1002	0.73493
1003	0.72691
1004	0.71881
1005	0.67864
1006	0.70274
1007	0.72116
1008	0.72344
1009	0.72104
1010	0.72206
1011	0.71849
1012	0.71758
1013	0.71486
1014	0.71509
1015	0.70554
1016	0.70704
1017	0.70361
1018	0.70784
1019	0.69319
1020	0.69767
1021	0.70114
1022	0.69042
1023	0.70304
1024	0.70058
1025	0.69916
1026	0.69934
1027	0.69613
1028	0.69743
1029	0.68785
1030	0.69135
1031	0.68964
1032	0.68943
1033	0.67599
1034	0.68032
1035	0.67563
1036	0.68404
1037	0.67506
1038	0.6718
1039	0.67828
1040	0.67077
1041	0.67526
1042	0.67466
1043	0.66722
1044	0.67221
1045	0.66787
1046	0.65327
1047	0.66142
1048	0.66652
1049	0.66501
1050	0.6618
1051	0.6616
1052	0.65872
1053	0.65664
1054	0.65474
1055	0.65763
1056	0.65649
1057	0.65528
1058	0.6472
1059	0.63317
1060	0.64663
1061	0.63544
1062	0.64631
1063	0.63765
1064	0.64574
1065	0.64563
1066	0.63231
1067	0.63446
1068	0.63408
1069	0.60319
1070	0.62081
1071	0.62887
1072	0.63068
1073	0.61365
1074	0.62821
1075	0.61216
1076	0.62322
1077	0.62497
1078	0.62356
1079	0.60604
1080	0.62217
1081	0.60815
1082	0.60127
1083	0.59048
1084	0.61193
1085	0.61265
1086	0.61492
1087	0.58502
1088	0.60224
1089	0.59559
1090	0.6048
1091	0.60707
1092	0.59817
1093	0.59092
1094	0.54914
1095	0.57901
1096	0.58194
1097	0.57925
1098	0.57672
1099	0.58138
1100	0.59079
1101	0.58748
1102	0.57099
1103	0.58536
1104	0.58493
1105	0.58312
1106	0.58252
1107	0.5799
1108	0.58017
1109	0.57936
1110	0.5801
1111	0.57708
1112	0.57176
1113	0.57048
1114	0.57487
1115	0.57229
1116	0.56909
1117	0.57483
1118	0.5717
1119	0.56032
1120	0.56104
1121	0.56401
1122	0.56799
1123	0.56712
1124	0.56636
1125	0.55414
1126	0.54774
1127	0.561
1128	0.55559
1129	0.55431
1130	0.5492
1131	0.55524
1132	0.55588
1133	0.5487
1134	0.54831
1135	0.55374
1136	0.55047
1137	0.55091
1138	0.53931
1139	0.54111
1140	0.53993
1141	0.5349
1142	0.54162
1143	0.54026
1144	0.53691
1145	0.53934
1146	0.54376
1147	0.54472
1148	0.54117
1149	0.539
1150	0.53792
1151	0.53761
1152	0.53357
1153	0.53457
1154	0.5373
1155	0.53605
1156	0.5315
1157	0.53303
1158	0.53183
1159	0.52286
1160	0.51908
1161	0.5109
1162	0.51961
1163	0.52521
1164	0.51658
1165	0.52033
1166	0.51446
1167	0.51795
1168	0.52149
1169	0.50998
1170	0.51507
1171	0.51987
1172	0.51913
1173	0.51695
1174	0.51668
1175	0.50482
1176	0.50223
1177	0.51084
1178	0.50324
1179	0.50525
1180	0.51108
1181	0.50754
1182	0.50499
1183	0.48379
1184	0.49694
1185	0.50337
1186	0.50368
1187	0.50332
1188	0.49355
1189	0.47869
1190	0.49473
1191	0.50178
1192	0.50007
1193	0.49832
1194	0.49855
1195	0.49369
1196	0.49152
1197	0.48586
1198	0.47654
1199	0.46734
1200	0.48377
1201	0.49168
1202	0.49117
1203	0.47488
1204	0.473
1205	0.48596
1206	0.48517
1207	0.48697
1208	0.47068
1209	0.46028
1210	0.47658
1211	0.47108
1212	0.47926
1213	0.48022
1214	0.47942
1215	0.48028
1216	0.47949
1217	0.47841
1218	0.4767
1219	0.47423
1220	0.47494
1221	0.47433
1222	0.47244
1223	0.47005
1224	0.47203
1225	0.4706
1226	0.46996
1227	0.46127
1228	0.46359
1229	0.46823
1230	0.4662
1231	0.46494
1232	0.46199
1233	0.46288
1234	0.46186
1235	0.46013
1236	0.46173
1237	0.46154
1238	0.46115
1239	0.45659
1240	0.45382
1241	0.45761
1242	0.45434
1243	0.4493
1244	0.45034
1245	0.45452
1246	0.45191
1247	0.4505
1248	0.45183
1249	0.45192
1250	0.45073
1251	0.44828
1252	0.44406
1253	0.44507
1254	0.44578
1255	0.44492
1256	0.44325
1257	0.44148
1258	0.44178
1259	0.44075
1260	0.44175
1261	0.44015
1262	0.43672
1263	0.43968
1264	0.4357
1265	0.43478
1266	0.43707
1267	0.43296
1268	0.42946
1269	0.43157
1270	0.43452
1271	0.43438
1272	0.43286
1273	0.43152
1274	0.42871
1275	0.42972
1276	0.43049
1277	0.4295
1278	0.42781
1279	0.42463
1280	0.42089
1281	0.4064
1282	0.37345
1283	0.39393
1284	0.41349
1285	0.41664
1286	0.41785
1287	0.41989
1288	0.41808
1289	0.41814
1290	0.41333
1291	0.41405
1292	0.41668
1293	0.41624
1294	0.41298
1295	0.41517
1296	0.41552
1297	0.41337
1298	0.41016
1299	0.41314
1300	0.41229
1301	0.41038
1302	0.4075
1303	0.405
1304	0.40391
1305	0.4068
1306	0.40768
1307	0.40664
1308	0.40571
1309	0.40619
1310	0.40416
1311	0.40313
1312	0.39729
1313	0.39188
1314	0.39996
1315	0.39091
1316	0.39163
1317	0.39925
1318	0.39604
1319	0.3991
1320	0.39821
1321	0.39568
1322	0.39542
1323	0.39535
1324	0.39555
1325	0.39467
1326	0.39252
1327	0.39062
1328	0.39034
1329	0.38276
1330	0.38662
1331	0.38894
1332	0.38312
1333	0.38713
1334	0.38942
1335	0.38781
1336	0.38636
1337	0.38664
1338	0.38469
1339	0.37984
1340	0.37949
1341	0.38338
1342	0.38237
1343	0.38213
1344	0.38237
1345	0.3818
1346	0.37927
1347	0.37983
1348	0.37973
1349	0.37799
1350	0.37423
1351	0.37503
1352	0.37724
1353	0.37657
1354	0.37494
1355	0.37106
1356	0.36954
1357	0.36797
1358	0.37132
1359	0.36999
1360	0.36745
1361	0.37079
1362	0.36945
1363	0.3652
1364	0.36689
1365	0.36752
1366	0.36683
1367	0.36438
1368	0.36431
1369	0.36101
1370	0.3607
1371	0.36054
1372	0.36331
1373	0.36415
1374	0.36239
1375	0.35871
1376	0.356
1377	0.35812
1378	0.35882
1379	0.36043
1380	0.35885
1381	0.35831
1382	0.35518
1383	0.35518
1384	0.35688
1385	0.35494
1386	0.35508
1387	0.35393
1388	0.35464
1389	0.35448
1390	0.35083
1391	0.353
1392	0.35296
1393	0.35144
1394	0.34975
1395	0.34862
1396	0.34951
1397	0.35025
1398	0.34998
1399	0.34796
1400	0.34159
1401	0.34193
1402	0.34472
1403	0.34296
1404	0.34227
1405	0.34252
1406	0.34274
1407	0.34185
1408	0.34197
1409	0.34227
1410	0.34166
1411	0.33659
1412	0.33241
1413	0.33472
1414	0.33634
1415	0.33748
1416	0.33632
1417	0.33658
1418	0.33665
1419	0.33402
1420	0.33285
1421	0.33182
1422	0.32768
1423	0.32769
1424	0.3277
1425	0.32777
1426	0.32403
1427	0.32482
1428	0.3265
1429	0.32245
1430	0.32254
1431	0.32464
1432	0.32804
1433	0.32803
1434	0.32508
1435	0.32612
1436	0.3259
1437	0.3262
1438	0.32585
1439	0.32519
1440	0.31394
1441	0.31437
1442	0.31625
1443	0.31581
1444	0.31697
1445	0.31833
1446	0.31947
1447	0.31736
1448	0.31942
1449	0.31937
1450	0.3163
1451	0.31216
1452	0.3128
1453	0.3145
1454	0.31179
1455	0.31034
1456	0.31044
1457	0.31222
1458	0.31463
1459	0.31541
1460	0.31311
1461	0.31187
1462	0.30951
1463	0.30728
1464	0.30788
1465	0.30796
1466	0.30715
1467	0.30965
1468	0.30737
1469	0.30916
1470	0.3068
1471	0.3036
1472	0.30397
1473	0.30133
1474	0.29844
1475	0.30005
1476	0.30062
1477	0.30034
1478	0.29922
1479	0.30198
1480	0.30286
1481	0.30018
1482	0.30019
1483	0.29719
1484	0.29909
1485	0.30195
1486	0.29942
1487	0.29227
1488	0.27617
1489	0.28885
1490	0.29875
1491	0.29805
1492	0.29703
1493	0.29836
1494	0.29916
1495	0.29682
1496	0.29104
1497	0.29225
1498	0.29438
1499	0.29365
1500	0.29554
1501	0.29536
1502	0.28705
1503	0.27489
1504	0.27501
1505	0.27006
1506	0.27915
1507	0.28816
1508	0.28634
1509	0.28622
1510	0.29079
1511	0.2911
1512	0.28713
1513	0.28453
1514	0.28484
1515	0.28628
1516	0.28546
1517	0.28495
1518	0.28657
1519	0.28532
1520	0.28491
1521	0.28162
1522	0.27992
1523	0.28173
1524	0.28185
1525	0.28051
1526	0.2831
1527	0.28314
1528	0.28348
1529	0.27918
1530	0.27286
1531	0.27881
1532	0.28125
1533	0.27901
1534	0.27626
1535	0.27722
1536	0.27945
1537	0.27884
1538	0.27564
1539	0.2742
1540	0.27079
1541	0.27218
1542	0.27402
1543	0.27506
1544	0.27647
1545	0.27681
1546	0.27614
1547	0.27207
1548	0.26873
1549	0.27027
1550	0.26926
1551	0.27024
1552	0.27191
1553	0.2689
1554	0.26519
1555	0.26505
1556	0.26473
1557	0.267
1558	0.26704
1559	0.26546
1560	0.26574
1561	0.26822
1562	0.26751
1563	0.26487
1564	0.26389
1565	0.26461
1566	0.26182
1567	0.26092
1568	0.25943
1569	0.25857
1570	0.26002
1571	0.26291
1572	0.26275
1573	0.26109
1574	0.25595
1575	0.2492
1576	0.24894
1577	0.24212
1578	0.24848
1579	0.25677
1580	0.25893
1581	0.25772
1582	0.2517
1583	0.2508
1584	0.25227
1585	0.2543
1586	0.25357
1587	0.25021
1588	0.24337
1589	0.23363
1590	0.23454
1591	0.24007
1592	0.24785
1593	0.25299
1594	0.25404
1595	0.2524
1596	0.24573
1597	0.2471
1598	0.25208
1599	0.25011
1600	0.24839
1601	0.24572
1602	0.24592
1603	0.24737
1604	0.24698
1605	0.24602
1606	0.24461
1607	0.24447
1608	0.24674
1609	0.24315
1610	0.23603
1611	0.23698
1612	0.24023
1613	0.24218
1614	0.24255
1615	0.23948
1616	0.23429
1617	0.2361
1618	0.24093
1619	0.24066
1620	0.235
1621	0.23366
1622	0.23766
1623	0.24101
1624	0.2414
1625	0.23954
1626	0.23982
1627	0.24091
1628	0.24175
1629	0.24047
1630	0.23846
1631	0.23855
1632	0.23782
1633	0.23511
1634	0.23385
1635	0.23575
1636	0.23375
1637	0.22901
1638	0.22465
1639	0.22239
1640	0.22371
1641	0.22295
1642	0.22372
1643	0.22599
1644	0.22539
1645	0.22558
1646	0.22774
1647	0.22882
1648	0.22806
1649	0.22625
1650	0.22652
1651	0.22606
1652	0.22661
1653	0.2269
1654	0.22649
1655	0.22611
1656	0.22677
1657	0.22687
1658	0.22597
1659	0.22466
1660	0.22518
1661	0.22609
1662	0.22512
1663	0.22367
1664	0.22285
1665	0.22152
1666	0.22066
1667	0.22009
1668	0.21797
1669	0.21879
1670	0.2211
1671	0.21912
1672	0.21443
1673	0.21482
1674	0.21673
1675	0.21437
1676	0.21251
1677	0.21363
1678	0.21335
1679	0.21021
1680	0.20441
1681	0.19973
1682	0.20191
1683	0.20691
1684	0.21027
1685	0.21117
1686	0.21062
1687	0.21038
1688	0.21041
1689	0.20896
1690	0.20921
1691	0.21109
1692	0.21163
1693	0.21127
1694	0.21083
1695	0.21058
1696	0.20993
1697	0.20914
1698	0.20879
1699	0.20779
1700	0.20606
1701	0.20521
1702	0.20435
1703	0.20433
1704	0.2043
1705	0.20428
1706	0.20328
1707	0.20229
1708	0.20129
1709	0.2003
1710	0.1993
1711	0.19978
1712	0.20026
1713	0.20075
1714	0.20123
1715	0.20171
1716	0.20092
1717	0.20013
1718	0.19935
1719	0.19856
1720	0.19777
1721	0.19703
1722	0.19629
1723	0.19556
1724	0.19482
1725	0.19408
1726	0.19385
1727	0.19362
1728	0.19338
1729	0.19315
1730	0.19292
1731	0.19058
1732	0.18824
1733	0.18589
1734	0.18355
1735	0.18121
1736	0.18211
1737	0.183
1738	0.1839
1739	0.18479
1740	0.18569
1741	0.18582
1742	0.18595
1743	0.18607
1744	0.1862
1745	0.18633
1746	0.1861
1747	0.18587
1748	0.18563
1749	0.1854
1750	0.18517
1751	0.18515
1752	0.18513
1753	0.18511
1754	0.18509
1755	0.18507
1756	0.18459
1757	0.1841
1758	0.18362
1759	0.18313
1760	0.18265
1761	0.18236
1762	0.18206
1763	0.18177
1764	0.18147
1765	0.18118
1766	0.18089
1767	0.18059
1768	0.1803
1769	0.18
1770	0.17971
1771	0.17932
1772	0.17892
1773	0.17853
1774	0.17813
1775	0.17774
1776	0.17727
1777	0.17679
1778	0.17632
1779	0.17584
1780	0.17537
1781	0.17511
1782	0.17485
1783	0.17458
1784	0.17432
1785	0.17406
1786	0.17398
1787	0.1739
1788	0.17382
1789	0.17374
1790	0.17366
1791	0.17312
1792	0.17258
1793	0.17204
1794	0.1715
1795	0.17096
1796	0.17057
1797	0.17018
1798	0.16979
1799	0.1694
1800	0.16901
1801	0.16869
1802	0.16837
1803	0.16806
1804	0.16774
1805	0.16742
1806	0.16718
1807	0.16693
1808	0.16669
1809	0.16644
1810	0.1662
1811	0.16489
1812	0.16357
1813	0.16226
1814	0.16094
1815	0.15963
1816	0.15867
1817	0.15772
1818	0.15676
1819	0.15581
1820	0.15485
1821	0.15591
1822	0.15698
1823	0.15804
1824	0.15911
1825	0.16017
1826	0.15998
1827	0.1598
1828	0.15961
1829	0.15943
1830	0.15924
1831	0.15893
1832	0.15861
1833	0.1583
1834	0.15798
1835	0.15767
1836	0.15726
1837	0.15684
1838	0.15643
1839	0.15601
1840	0.1556
1841	0.1551
1842	0.15459
1843	0.15409
1844	0.15358
1845	0.15308
1846	0.15311
1847	0.15314
1848	0.15316
1849	0.15319
1850	0.15322
1851	0.15286
1852	0.1525
1853	0.15213
1854	0.15177
1855	0.15141
1856	0.151
1857	0.15059
1858	0.15018
1859	0.14977
1860	0.14936
1861	0.14892
1862	0.14848
1863	0.14803
1864	0.14759
1865	0.14715
1866	0.14681
1867	0.14647
1868	0.14613
1869	0.14579
1870	0.14545
1871	0.1429
1872	0.14035
1873	0.1378
1874	0.13525
1875	0.1327
1876	0.13454
1877	0.13638
1878	0.13823
1879	0.14007
1880	0.14191
1881	0.14194
1882	0.14197
1883	0.14201
1884	0.14204
1885	0.14207
1886	0.14172
1887	0.14137
1888	0.14102
1889	0.14067
1890	0.14032
1891	0.1396
1892	0.13888
1893	0.13816
1894	0.13744
1895	0.13672
1896	0.13708
1897	0.13745
1898	0.13781
1899	0.13818
1900	0.13854
1901	0.13844
1902	0.13835
1903	0.13825
1904	0.13816
1905	0.13806
1906	0.13778
1907	0.1375
1908	0.13723
1909	0.13695
1910	0.13667
1911	0.13654
1912	0.13641
1913	0.13627
1914	0.13614
1915	0.13601
1916	0.1356
1917	0.13518
1918	0.13477
1919	0.13435
1920	0.13394
1921	0.13381
1922	0.13369
1923	0.13356
1924	0.13344
1925	0.13331
1926	0.1326
1927	0.1319
1928	0.13119
1929	0.13049
1930	0.12978
1931	0.12983
1932	0.12987
1933	0.12992
1934	0.12996
1935	0.13001
1936	0.12952
1937	0.12904
1938	0.12855
1939	0.12807
1940	0.12758
1941	0.12582
1942	0.12406
1943	0.12229
1944	0.12053
1945	0.11877
1946	0.11979
1947	0.12082
1948	0.12184
1949	0.12287
1950	0.12389
1951	0.12438
1952	0.12487
1953	0.12537
1954	0.12586
1955	0.12635
1956	0.12606
1957	0.12577
1958	0.12547
1959	0.12518
1960	0.12489
1961	0.12438
1962	0.12387
1963	0.12336
1964	0.12285
1965	0.12234
1966	0.12241
1967	0.12248
1968	0.12255
1969	0.12262
1970	0.12269
1971	0.12228
1972	0.12187
1973	0.12146
1974	0.12105
1975	0.12064
1976	0.12035
1977	0.12006
1978	0.11976
1979	0.11947
1980	0.11918
1981	0.11904
1982	0.1189
1983	0.11876
1984	0.11862
1985	0.11848
1986	0.11854
1987	0.1186
1988	0.11866
1989	0.11872
1990	0.11878
1991	0.11833
1992	0.11788
1993	0.11742
1994	0.11697
1995	0.11652
1996	0.1165
1997	0.11648
1998	0.11646
1999	0.11644
2000	0.11642
2001	0.11614
2002	0.11586
2003	0.11557
2004	0.11529
2005	0.11501
2006	0.11501
2007	0.115
2008	0.115
2009	0.11499
2010	0.11499
2011	0.11476
2012	0.11453
2013	0.1143
2014	0.11407
2015	0.11384
2016	0.11343
2017	0.11301
2018	0.1126
2019	0.11218
2020	0.11177
2021	0.11169
2022	0.11161
2023	0.11154
2024	0.11146
2025	0.11138
2026	0.111
2027	0.11063
2028	0.11025
2029	0.10988
2030	0.1095
2031	0.10936
2032	0.10922
2033	0.10907
2034	0.10893
2035	0.10879
2036	0.10857
2037	0.10835
2038	0.10812
2039	0.1079
2040	0.10768
2041	0.10774
2042	0.1078
2043	0.10785
2044	0.10791
2045	0.10797
2046	0.10771
2047	0.10745
2048	0.1072
2049	0.10694
2050	0.10668
2051	0.10648
2052	0.10627
2053	0.10607
2054	0.10586
2055	0.10566
2056	0.10536
2057	0.10506
2058	0.10477
2059	0.10447
2060	0.10417
2061	0.10396
2062	0.10375
2063	0.10355
2064	0.10334
2065	0.10313
2066	0.10301
2067	0.10288
2068	0.10276
2069	0.10263
2070	0.10251
2071	0.10249
2072	0.10247
2073	0.10246
2074	0.10244
2075	0.10242
2076	0.10211
2077	0.10179
2078	0.10148
2079	0.10116
2080	0.10085
2081	0.10068
2082	0.10051
2083	0.10034
2084	0.10017
2085	0.1
2086	0.09983
2087	0.09965
2088	0.09948
2089	0.0993
2090	0.09913
2091	0.0988
2092	0.09847
2093	0.09813
2094	0.0978
2095	0.09747
2096	0.09751
2097	0.09755
2098	0.09759
2099	0.09763
2100	0.09767
2101	0.09758
2102	0.09749
2103	0.0974
2104	0.09731
2105	0.09722
2106	0.09697
2107	0.09671
2108	0.09646
2109	0.0962
2110	0.09595
2111	0.09579
2112	0.09564
2113	0.09548
2114	0.09533
2115	0.09517
2116	0.09495
2117	0.09474
2118	0.09452
2119	0.09431
2120	0.09409
2121	0.0939
2122	0.09371
2123	0.09353
2124	0.09334
2125	0.09315
2126	0.09314
2127	0.09313
2128	0.09311
2129	0.0931
2130	0.09309
2131	0.09285
2132	0.0926
2133	0.09236
2134	0.09211
2135	0.09187
2136	0.09182
2137	0.09177
2138	0.09173
2139	0.09168
2140	0.09163
2141	0.09141
2142	0.09118
2143	0.09096
2144	0.09073
2145	0.09051
2146	0.09041
2147	0.09031
2148	0.09021
2149	0.09011
2150	0.09001
2151	0.08983
2152	0.08965
2153	0.08948
2154	0.0893
2155	0.08912
2156	0.08887
2157	0.08862
2158	0.08836
2159	0.08811
2160	0.08786
2161	0.08676
2162	0.08566
2163	0.08455
2164	0.08345
2165	0.08235
2166	0.08285
2167	0.08334
2168	0.08384
2169	0.08433
2170	0.08483
2171	0.08497
2172	0.08511
2173	0.08526
2174	0.0854
2175	0.08554
2176	0.08536
2177	0.08518
2178	0.08499
2179	0.08481
2180	0.08463
2181	0.0846
2182	0.08457
2183	0.08453
2184	0.0845
2185	0.08447
2186	0.08425
2187	0.08403
2188	0.08382
2189	0.0836
2190	0.08338
2191	0.08341
2192	0.08345
2193	0.08348
2194	0.08352
2195	0.08355
2196	0.08342
2197	0.08329
2198	0.08315
2199	0.08302
2200	0.08289
2201	0.08254
2202	0.08219
2203	0.08185
2204	0.0815
2205	0.08115
2206	0.08107
2207	0.08098
2208	0.0809
2209	0.08081
2210	0.08073
2211	0.0807
2212	0.08067
2213	0.08063
2214	0.0806
2215	0.08057
2216	0.08047
2217	0.08037
2218	0.08026
2219	0.08016
2220	0.08006
2221	0.07987
2222	0.07968
2223	0.07948
2224	0.07929
2225	0.0791
2226	0.079
2227	0.0789
2228	0.07881
2229	0.07871
2230	0.07861
2231	0.07853
2232	0.07845
2233	0.07837
2234	0.07829
2235	0.07821
2236	0.07797
2237	0.07773
2238	0.07749
2239	0.07725
2240	0.07701
2241	0.07695
2242	0.07689
2243	0.07684
2244	0.07678
2245	0.07672
2246	0.07657
2247	0.07642
2248	0.07627
2249	0.07612
2250	0.07597
2251	0.07578
2252	0.0756
2253	0.07541
2254	0.07523
2255	0.07504
2256	0.07498
2257	0.07492
2258	0.07485
2259	0.07479
2260	0.07473
2261	0.07457
2262	0.07441
2263	0.07426
2264	0.0741
2265	0.07394
2266	0.07389
2267	0.07384
2268	0.0738
2269	0.07375
2270	0.0737
2271	0.07359
2272	0.07348
2273	0.07337
2274	0.07326
2275	0.07315
2276	0.07292
2277	0.07269
2278	0.07245
2279	0.07222
2280	0.07199
2281	0.07192
2282	0.07185
2283	0.07177
2284	0.0717
2285	0.07163
2286	0.07157
2287	0.07152
2288	0.07146
2289	0.07141
2290	0.07135
2291	0.07102
2292	0.07069
2293	0.07035
2294	0.07002
2295	0.06969
2296	0.0697
2297	0.0697
2298	0.06971
2299	0.06971
2300	0.06972
2301	0.06967
2302	0.06962
2303	0.06958
2304	0.06953
2305	0.06948
2306	0.06938
2307	0.06928
2308	0.06919
2309	0.06909
2310	0.06899
2311	0.06884
2312	0.06869
2313	0.06853
2314	0.06838
2315	0.06823
2316	0.06809
2317	0.06794
2318	0.0678
2319	0.06765
2320	0.06751
2321	0.0672
2322	0.06689
2323	0.06657
2324	0.06626
2325	0.06595
2326	0.06602
2327	0.06609
2328	0.06615
2329	0.06622
2330	0.06629
2331	0.06618
2332	0.06607
2333	0.06595
2334	0.06584
2335	0.06573
2336	0.06567
2337	0.06561
2338	0.06555
2339	0.06549
2340	0.06543
2341	0.06539
2342	0.06535
2343	0.06532
2344	0.06528
2345	0.06524
2346	0.06506
2347	0.06488
2348	0.0647
2349	0.06452
2350	0.06434
2351	0.06404
2352	0.06374
2353	0.06344
2354	0.06314
2355	0.06284
2356	0.0629
2357	0.06297
2358	0.06303
2359	0.0631
2360	0.06316
2361	0.06313
2362	0.0631
2363	0.06308
2364	0.06305
2365	0.06302
2366	0.06287
2367	0.06273
2368	0.06258
2369	0.06244
2370	0.06229
2371	0.06212
2372	0.06195
2373	0.06178
2374	0.06161
2375	0.06144
2376	0.06145
2377	0.06147
2378	0.06148
2379	0.0615
2380	0.06151
2381	0.0611
2382	0.06069
2383	0.06027
2384	0.05986
2385	0.05945
2386	0.05958
2387	0.05971
2388	0.05984
2389	0.05997
2390	0.0601
2391	0.06007
2392	0.06005
2393	0.06002
2394	0.06
2395	0.05997
2396	0.05989
2397	0.05981
2398	0.05974
2399	0.05966
2400	0.05958
2401	0.05951
2402	0.05944
2403	0.05937
2404	0.0593
2405	0.05923
2406	0.05915
2407	0.05907
2408	0.05898
2409	0.0589
2410	0.05882
2411	0.05845
2412	0.05807
2413	0.0577
2414	0.05732
2415	0.05695
2416	0.05703
2417	0.05711
2418	0.0572
2419	0.05728
2420	0.05736
2421	0.0573
2422	0.05724
2423	0.05719
2424	0.05713
2425	0.05707
2426	0.05703
2427	0.057
2428	0.05696
2429	0.05693
2430	0.05689
2431	0.05675
2432	0.0566
2433	0.05646
2434	0.05631
2435	0.05617
2436	0.05614
2437	0.05612
2438	0.05609
2439	0.05607
2440	0.05604
2441	0.05589
2442	0.05575
2443	0.0556
2444	0.05546
2445	0.05531
2446	0.05512
2447	0.05493
2448	0.05474
2449	0.05455
2450	0.05436
2451	0.05428
2452	0.05421
2453	0.05413
2454	0.05406
2455	0.05398
2456	0.05402
2457	0.05406
2458	0.05409
2459	0.05413
2460	0.05417
2461	0.05414
2462	0.05411
2463	0.05407
2464	0.05404
2465	0.05401
2466	0.05383
2467	0.05365
2468	0.05348
2469	0.0533
2470	0.05312
2471	0.05311
2472	0.05311
2473	0.0531
2474	0.0531
2475	0.05309
2476	0.05286
2477	0.05263
2478	0.05241
2479	0.05218
2480	0.05195
2481	0.05188
2482	0.0518
2483	0.05173
2484	0.05165
2485	0.05158
2486	0.05162
2487	0.05166
2488	0.05169
2489	0.05173
2490	0.05177
2491	0.05171
2492	0.05165
2493	0.05158
2494	0.05152
2495	0.05146
2496	0.05143
2497	0.0514
2498	0.05137
2499	0.05134
2500	0.05131
